,City,Cloudiness,Country,Date,Humidity,Lat,Lng,Max Temp,Wind Speed
0,Dikson,88,RU,1544315527,99,73.51,80.55,14.93,29.46
1,Thompson,90,CA,1544313600,85,55.74,-97.86,12.2,6.93
2,Cap Malheureux,40,MU,1544313600,88,-19.98,57.61,77.0,10.29
3,Bredasdorp,80,ZA,1544313600,77,-34.53,20.04,59.0,3.36
4,Shiyan,32,CN,1544315355,86,32.65,110.78,20.69,2.62
5,Yellowknife,20,CA,1544313600,92,62.45,-114.38,10.4,9.17
6,Tucumcari,1,US,1544313180,52,35.17,-103.73,39.02,6.93
7,Komsomolskiy,48,RU,1544315529,83,67.55,63.78,14.39,10.22
8,Portobelo,40,PA,1544313600,83,9.55,-79.65,80.6,9.66
9,Namibe,64,AO,1544315530,100,-15.19,12.15,70.19,4.41
10,Ushuaia,75,AR,1544313600,61,-54.81,-68.31,48.2,21.92
11,Busselton,0,AU,1544315530,100,-33.64,115.35,63.35,16.26
12,Norman Wells,75,CA,1544313600,85,65.28,-126.83,10.4,3.36
13,Avarua,90,CK,1544313600,79,-21.21,-159.78,84.2,10.29
14,Genhe,0,CN,1544315531,47,50.78,121.52,-30.75,3.62
15,Mapiri,80,BO,1544315531,99,-15.31,-68.22,57.23,2.51
16,Lorengau,76,PG,1544315532,99,-2.02,147.27,84.59,9.44
17,Hermanus,48,ZA,1544315532,100,-34.42,19.24,53.0,3.06
18,Punta Arenas,0,CL,1544313600,61,-53.16,-70.91,50.0,20.8
19,Praia da Vitoria,0,PT,1544313600,87,38.73,-27.07,60.8,14.81
20,San Patricio,0,PY,1544315533,74,-26.98,-56.83,64.34,3.29
21,Tasiilaq,20,GL,1544313000,52,65.61,-37.64,19.4,3.36
22,Boca do Acre,68,BR,1544315533,96,-8.76,-67.39,74.78,2.17
23,Moron,44,VE,1544315534,80,10.49,-68.2,72.08,2.95
24,Vaini,48,IN,1544313600,93,15.34,74.49,66.2,1.83
25,Fortuna,0,ES,1544313600,93,38.18,-1.13,51.8,5.82
26,Acari,56,BR,1544315534,87,-6.44,-36.64,71.9,2.73
27,Nanortalik,48,GL,1544313000,68,60.14,-45.24,30.2,11.41
28,Terrace,75,CA,1544313600,86,54.52,-128.61,28.4,4.7
29,Bethel,75,US,1544313360,96,60.79,-161.76,24.98,9.17
30,Mazyr,92,BY,1544315536,97,52.05,29.27,38.42,8.99
31,East London,92,ZA,1544315440,100,-33.02,27.91,66.91,10.45
32,Mataura,92,NZ,1544315537,89,-46.19,168.86,65.24,14.36
33,Lagoa,0,PT,1544313600,81,37.14,-8.45,53.6,4.7
34,New Norfolk,75,AU,1544313600,63,-42.78,147.06,60.8,2.24
35,Richards Bay,92,ZA,1544315538,100,-28.77,32.06,68.26,10.0
36,Mgandu,68,TZ,1544315539,96,-5.96,34.11,62.81,4.07
37,High Rock,75,BS,1544313600,69,26.63,-78.28,75.2,5.82
38,Hudson,1,US,1544314500,52,40.07,-104.64,39.2,2.62
39,Rikitea,88,PF,1544315540,98,-23.12,-134.97,78.61,14.81
40,Hasaki,75,JP,1544313600,56,35.73,140.83,44.6,13.87
41,Takoradi,32,GH,1544315540,100,4.89,-1.75,81.26,7.76
42,Haines Junction,76,CA,1544315541,77,60.75,-137.51,32.53,7.65
43,Sao Filipe,0,CV,1544315541,97,14.9,-24.5,75.41,11.45
44,Barrow,20,AR,1544315541,31,-38.31,-60.23,81.04,18.72
45,Trincomalee,100,LK,1544315542,87,8.58,81.23,76.85,8.88
46,Ponta do Sol,0,BR,1544315542,66,-20.63,-46.0,66.14,12.12
47,Labuhan,68,ID,1544315542,94,-2.54,115.51,75.41,0.94
48,Teya,20,MX,1544312580,69,21.05,-89.07,82.4,9.17
49,Kodiak,1,US,1544313300,71,39.95,-94.76,32.0,6.93
50,Talnakh,76,RU,1544315543,73,69.49,88.39,-2.8,17.6
51,Hobart,75,AU,1544313600,63,-42.88,147.33,60.8,2.24
52,Atuona,20,PF,1544315544,100,-9.8,-139.03,79.55,17.16
53,Mar del Plata,8,AR,1544315544,29,-46.43,-67.52,79.55,15.82
54,Port Alfred,80,ZA,1544315544,97,-33.59,26.89,65.33,9.33
55,Hilo,20,US,1544313180,56,19.71,-155.08,80.06,11.41
56,Cape Town,0,ZA,1544313600,72,-33.93,18.42,60.8,6.93
57,Bluff,100,AU,1544315545,75,-23.58,149.07,71.41,14.7
58,Tuktoyaktuk,90,CA,1544313600,92,69.44,-133.03,6.8,23.04
59,Albany,75,US,1544314440,70,42.65,-73.75,26.06,5.82
60,Saskylakh,44,RU,1544315546,70,71.97,114.09,-10.05,3.51
61,Abu Kamal,12,SY,1544315546,95,34.45,40.92,48.68,3.51
62,Mahebourg,40,MU,1544313600,88,-20.41,57.7,77.0,10.29
63,Victoria,75,BN,1544313600,88,5.28,115.24,82.4,3.36
64,Pangody,88,RU,1544315548,88,65.85,74.49,17.63,10.0
65,Ancud,75,CL,1544313600,87,-41.87,-73.83,55.4,13.87
66,Saint-Pierre,88,FR,1544313600,87,48.95,4.24,50.0,29.97
67,Provideniya,24,RU,1544315549,100,64.42,-173.23,19.93,18.72
68,Kapaa,75,US,1544313360,53,22.08,-159.32,80.96,20.8
69,Misratah,12,LY,1544315549,100,32.38,15.09,62.9,13.13
70,Buraydah,0,SA,1544310000,93,26.33,43.97,57.2,3.36
71,Bonthe,0,SL,1544315550,76,7.53,-12.5,80.54,5.19
72,Ixtapa,5,MX,1544312700,74,20.71,-105.21,82.4,4.7
73,Moreno Valley,1,US,1544314500,45,33.94,-117.23,71.06,4.7
74,Georgetown,40,GY,1544310000,83,6.8,-58.16,80.6,11.41
75,Inirida,20,CO,1544315551,96,3.87,-67.92,74.51,2.28
76,Pacifica,1,US,1544313600,55,37.61,-122.49,64.4,8.05
77,Namatanai,68,PG,1544315552,96,-3.66,152.44,85.4,4.41
78,Talaya,40,RU,1544313600,84,55.79,84.89,3.2,4.47
79,Puerto Ayora,0,EC,1544313600,57,-0.74,-90.35,77.0,14.99
80,Souillac,75,FR,1544313600,87,45.6,-0.6,55.4,14.99
81,Qom,0,IR,1544315553,85,34.64,50.88,38.29,3.51
82,Bay Roberts,90,CA,1544313600,100,47.58,-53.28,28.4,16.11
83,Rockford,90,US,1544313300,71,42.27,-89.09,26.6,4.7
84,Andros Town,75,BS,1544313600,78,24.73,-77.79,75.2,11.41
85,Vila Franca do Campo,20,PT,1544313600,63,37.72,-25.43,64.4,10.29
86,Takaungu,0,KE,1544315555,94,-3.68,39.86,71.86,3.18
87,Colares,0,PT,1544313600,93,38.8,-9.45,50.0,3.36
88,Tuatapere,80,NZ,1544315555,87,-46.13,167.69,61.69,10.45
89,Chabahar,0,IR,1544315555,99,25.29,60.65,75.86,14.47
90,Mondeville,92,FR,1544313600,81,49.18,-0.32,51.8,24.16
91,Chokurdakh,32,RU,1544315556,63,70.62,147.9,-33.94,3.06
92,Sola,75,NO,1544313000,93,58.89,5.65,42.8,2.24
93,Katherine,40,AU,1544313600,66,-14.47,132.26,89.6,6.93
94,Igarka,88,RU,1544315557,80,67.47,86.57,-1.09,21.07
95,Muhos,92,FI,1544314800,92,64.81,26.0,30.2,14.99
96,Nikolskoye,90,RU,1544313600,86,59.7,30.79,28.4,8.95
97,Ribeira Grande,64,PT,1544315557,99,38.52,-28.7,64.61,15.7
98,Freeport,75,BS,1544313600,69,26.54,-78.7,75.2,5.82
99,Jamestown,64,AU,1544315558,38,-33.21,138.6,86.57,4.63
100,Olinda,75,EC,1544313600,69,-2.03,-79.75,77.0,18.34
101,Dickson,90,US,1544314560,100,36.08,-87.39,35.96,9.17
102,Qidong,92,CN,1544315559,100,31.81,121.66,45.8,10.67
103,Vana-Vigala,92,EE,1544315559,94,58.78,24.25,39.68,21.18
104,Rorvik,92,NO,1544315490,100,64.86,11.24,33.43,11.01
105,Aracaju,20,BR,1544313600,83,-10.92,-37.08,80.6,10.29
106,Leningradskiy,36,RU,1544315560,95,69.38,178.42,0.58,11.56
107,Carnarvon,0,ZA,1544315560,72,-30.97,22.13,51.16,12.8
108,Saint George,90,GR,1544313000,93,39.45,22.34,46.4,3.51
109,Muravlenko,80,RU,1544315561,86,63.79,74.5,15.56,11.68
110,Port Blair,80,IN,1544315561,100,11.67,92.75,80.45,12.01
111,Los Llanos de Aridane,0,ES,1544313600,68,28.66,-17.92,66.2,10.29
112,Linxia,0,CN,1544315562,52,35.6,103.21,-1.99,1.95
113,Lavrentiya,36,RU,1544315562,100,65.58,-170.99,19.79,30.8
114,Maniitsoq,0,GL,1544315562,100,65.42,-52.9,9.76,6.2
115,Port Hardy,75,CA,1544313600,81,50.7,-127.42,42.8,26.4
116,Saint-Philippe,90,CA,1544314620,85,45.36,-73.48,15.8,4.7
117,Hudson Bay,0,CA,1544315563,76,52.86,-102.4,6.74,4.97
118,Pisco,75,PE,1544313600,82,-13.71,-76.2,68.0,17.22
119,Constitucion,20,MX,1544312760,27,23.99,-104.67,64.4,10.29
120,Hithadhoo,56,MV,1544315564,100,-0.6,73.08,83.33,9.22
121,Sorland,12,NO,1544315564,100,67.67,12.69,39.64,26.33
122,Shelburne,90,CA,1544313600,73,44.08,-80.2,26.6,8.05
123,Torbay,90,CA,1544313600,100,47.66,-52.73,28.4,16.11
124,Sangar,44,RU,1544315566,89,63.92,127.47,-40.51,3.18
125,Goderich,48,CA,1544315531,92,43.74,-81.71,30.14,13.02
126,Arkhipo-Osipovka,24,RU,1544315566,96,44.37,38.53,33.79,4.07
127,Lebu,32,ET,1544313600,81,8.96,38.73,53.6,2.24
128,Ust-Koksa,0,RU,1544315567,25,50.27,85.62,-20.53,1.83
129,Nantucket,1,US,1544313360,32,41.28,-70.1,28.94,14.99
130,Marawi,44,PH,1544315567,91,8.0,124.29,73.52,3.06
131,College,90,US,1544313840,94,64.86,-147.8,21.02,3.18
132,Salalah,0,OM,1544313000,46,17.01,54.1,71.6,3.36
133,Geraldton,40,CA,1544313600,72,49.72,-86.95,17.6,16.11
134,Qaanaaq,48,GL,1544315569,100,77.48,-69.36,-3.43,8.99
135,Renqiu,68,CN,1544315569,66,38.71,116.1,9.17,3.29
136,Castro,75,CL,1544313600,87,-42.48,-73.76,55.4,13.87
137,Samarai,20,PG,1544315570,97,-10.62,150.67,85.09,12.35
138,Nawa,0,IN,1544315570,82,27.02,75.0,48.64,2.84
139,Mayumba,88,GA,1544315570,100,-3.44,10.65,75.91,5.08
140,Senno,92,RU,1544313600,100,57.76,27.95,30.2,8.95
141,Cidreira,0,BR,1544315571,68,-30.17,-50.22,64.03,13.02
142,Upernavik,56,GL,1544315571,100,72.79,-56.15,8.81,10.33
143,Faanui,32,PF,1544315572,100,-16.48,-151.75,78.92,13.8
144,Santiago del Estero,48,AR,1544315572,49,-27.8,-64.26,80.99,16.04
145,Lompoc,1,US,1544314500,51,34.64,-120.46,64.04,8.05
146,Turinskaya Sloboda,32,RU,1544315573,56,57.62,64.39,3.28,4.97
147,Leisure City,1,US,1544314500,73,37.49,-88.44,30.92,8.05
148,Jizan,40,SA,1544310000,74,16.89,42.56,82.4,5.82
149,Guerrero Negro,0,MX,1544315574,63,27.97,-114.04,69.74,8.55
150,Shevchenkove,0,UA,1544313600,92,49.7,37.18,24.8,8.95
151,Yulara,32,AU,1544313600,20,-25.24,130.99,96.8,8.05
152,Grand Gaube,40,MU,1544313600,88,-20.01,57.66,77.0,10.29
153,Saldanha,0,PT,1544315575,83,41.42,-6.55,29.96,2.62
154,Kysyl-Syr,36,RU,1544315575,40,63.9,122.77,-25.93,4.41
155,Ust-Kuyga,24,RU,1544315576,0,70.0,135.55,-44.07,2.95
156,Bilibino,64,RU,1544315576,70,68.06,166.44,-37.05,2.51
157,Kutum,0,SD,1544315576,61,14.2,24.66,47.42,1.28
158,Ostrovnoy,76,RU,1544315555,95,68.05,39.51,23.57,11.12
159,Mabaruma,92,GY,1544315577,85,8.2,-59.78,78.79,6.98
160,Kruisfontein,8,ZA,1544315577,91,-34.0,24.73,59.66,8.88
161,Murdochville,68,CA,1544315577,81,48.96,-65.49,16.37,14.47
162,Ilulissat,0,GL,1544313000,66,69.22,-51.1,10.4,10.29
163,Bambous Virieux,40,MU,1544313600,88,-20.34,57.76,77.0,10.29
164,Katobu,56,ID,1544315578,92,-4.94,122.53,85.09,4.29
165,Rio Gallegos,20,AR,1544313600,28,-51.62,-69.22,59.0,20.8
166,Vardo,1,US,1544314500,57,39.62,-77.74,32.0,3.85
167,Savannah Bight,24,HN,1544315579,91,16.45,-85.85,83.42,17.94
168,Ahipara,0,NZ,1544315579,64,-35.17,173.16,69.88,15.48
169,Fengrun,80,CN,1544315580,70,39.83,118.12,-1.05,2.84
170,Shimoda,75,JP,1544313600,39,34.7,138.93,50.0,13.87
171,Diego de Almagro,0,CL,1544315580,46,-26.39,-70.05,64.97,2.95
172,Tiksi,12,RU,1544315580,77,71.64,128.87,-37.99,3.06
173,Klyuchi,0,RU,1544315581,64,52.25,79.17,-13.96,3.4
174,Antalaha,76,MG,1544315581,93,-14.9,50.28,75.32,7.43
175,Cabo San Lucas,20,MX,1544312460,53,22.89,-109.91,75.2,6.93
176,Baruun-Urt,8,MN,1544315581,38,46.68,113.28,-27.15,3.51
177,Port-Gentil,20,GA,1544310000,88,-0.72,8.78,78.8,1.95
178,Keokuk,1,US,1544314800,73,40.4,-91.39,26.06,3.36
179,Newport,68,GB,1544314800,93,51.59,-3.0,50.0,29.97
180,Aklavik,75,CA,1544313600,77,68.22,-135.01,5.0,11.41
181,Caravelas,92,BR,1544315584,100,-17.73,-39.27,74.87,21.85
182,Ekhabi,80,RU,1544315584,86,53.51,142.97,20.42,13.02
183,Lasa,75,CY,1544313600,82,34.92,32.53,55.4,6.93
184,San Jose,32,PH,1544315585,72,15.79,120.99,77.93,3.18
185,Hue,75,VN,1544313600,100,16.47,107.58,71.6,13.87
186,Prince Rupert,90,CA,1544313600,70,54.32,-130.32,46.4,13.87
187,Mocuba,64,MZ,1544315586,65,-16.84,36.99,80.09,4.85
188,Wodonga,76,AU,1544313600,44,-36.12,146.89,78.8,14.99
189,Cherskiy,48,RU,1544315587,75,68.75,161.3,-24.76,3.18
190,Port Elizabeth,1,US,1544313360,68,39.31,-74.98,33.98,4.7
191,Petropavlovsk-Kamchatskiy,12,RU,1544313600,56,53.05,158.65,14.0,8.95
192,Hagere Hiywet,24,ET,1544315587,85,8.98,37.85,43.69,2.73
193,Dalby,90,AU,1544313600,57,-27.18,151.26,75.2,17.22
194,Canora,1,CA,1544313600,77,51.64,-102.43,6.8,5.82
195,Shache,68,CN,1544315588,79,38.42,77.24,11.42,2.28
196,Aripuana,20,BR,1544315589,90,-9.17,-60.63,78.56,1.95
197,Pacific Grove,1,US,1544314500,51,36.62,-121.92,64.4,3.36
198,Wamba,68,CD,1544315589,85,2.14,27.99,68.53,2.17
199,Saint Lawrence,20,MT,1544314500,62,36.06,14.2,57.2,17.22
200,Clyde River,1,CA,1544313600,68,70.47,-68.59,-18.41,4.7
201,Palmer,0,AU,1544313600,64,-34.85,139.16,71.6,8.05
202,Harper,90,US,1544313300,85,30.3,-99.24,42.08,11.41
203,Nuuk,20,GL,1544313000,79,64.17,-51.74,19.4,10.29
204,Dong Xoai,12,VN,1544315591,93,11.53,106.92,74.15,2.84
205,Touros,80,BR,1544315591,90,-5.2,-35.46,79.73,6.31
206,Merrill,1,US,1544313180,81,42.03,-121.6,35.06,8.05
207,Mogadishu,32,SO,1544315488,100,2.04,45.34,80.72,18.5
208,Belyy Yar,40,RU,1544313600,83,53.6,91.39,-5.81,3.18
209,Jutiquile,40,HN,1544310000,61,14.74,-86.1,80.6,3.74
210,Pemberton,0,AU,1544315593,65,-34.44,116.03,64.66,11.12
211,Letka,12,BA,1544315593,87,43.74,17.27,22.58,2.51
212,Laizhou,68,CN,1544315593,100,37.18,119.93,21.23,1.72
213,Valdosta,90,US,1544314500,80,30.83,-83.28,60.8,5.82
214,Kaitangata,56,NZ,1544315594,65,-46.28,169.85,68.66,18.28
215,Murray Bridge,20,AU,1544315594,82,-35.12,139.28,71.23,4.85
216,Racine,1,US,1544314500,74,42.73,-87.78,26.96,3.36
217,Padang,40,ID,1544311800,94,-0.92,100.36,75.2,2.24
218,Kavieng,64,PG,1544315595,100,-2.57,150.8,83.78,6.31
219,Arraial do Cabo,56,BR,1544315595,94,-22.97,-42.02,71.36,8.55
220,Ola,8,RU,1544315596,100,59.58,151.3,3.5,13.13
221,Seoul,0,KR,1544313600,40,37.57,126.98,17.6,6.93
222,Kudahuvadhoo,0,MV,1544315597,100,2.67,72.89,81.94,7.31
223,Phangnga,40,TH,1544313600,83,8.45,98.53,77.0,4.7
224,Japura,12,ID,1544315597,94,-0.42,102.29,73.88,2.84
225,El Alto,75,BO,1544313600,53,-16.5,-68.19,51.8,6.93
226,Sal Rei,75,CV,1544313600,83,16.18,-22.92,73.4,5.82
227,Abha,0,SA,1544310000,76,18.22,42.5,55.4,1.72
228,Abu Samrah,36,SY,1544315598,91,35.3,37.18,43.78,5.41
229,Poum,88,MK,1544315599,96,41.28,20.71,30.91,1.16
230,Nueva Loja,75,EC,1544310000,94,0.08,-76.88,75.2,3.36
231,Rosendal,92,SE,1544313000,100,59.83,17.63,42.8,9.17
232,Manitouwadge,0,CA,1544315438,85,49.12,-85.84,16.33,9.22
233,Predivinsk,20,RU,1544315600,69,57.07,93.44,-15.63,2.62
234,Chapais,90,CA,1544313600,83,49.78,-74.86,-4.01,3.36
235,Kawalu,88,ID,1544315600,97,-7.38,108.21,70.64,1.39
236,Katsuura,75,JP,1544313600,60,33.93,134.5,39.2,11.41
237,Bosaso,80,SO,1544315601,100,11.28,49.18,75.41,6.87
238,Ekibastuz,0,KZ,1544315601,59,51.72,75.32,-6.49,8.77
239,Kushima,75,JP,1544313600,52,31.5,131.29,44.6,8.05
240,Camacha,75,PT,1544313600,93,33.08,-16.33,66.2,16.11
241,Tori,76,GE,1544315602,94,41.76,43.42,30.5,1.95
242,Hofn,0,IS,1544315602,100,64.25,-15.21,32.93,16.15
243,Yantal,36,RU,1544315602,62,56.85,105.25,-21.93,2.62
244,Esperance,20,TT,1544313600,78,10.24,-61.45,78.8,3.36
245,Mount Gambier,75,AU,1544313600,68,-37.83,140.78,66.2,12.75
246,Aykhal,48,RU,1544315603,55,65.95,111.51,-20.08,2.73
247,Luderitz,0,NA,1544315604,78,-26.65,15.16,58.36,20.51
248,Papara,40,BR,1544310000,78,-3.98,-38.73,82.4,10.29
249,Butaritari,0,KI,1544315604,100,3.07,172.79,85.58,5.19
250,Mehamn,8,NO,1544315605,100,71.03,27.85,8.9,5.53
251,Inta,68,RU,1544315605,80,66.04,60.13,19.88,5.08
252,Alofi,92,NU,1544310000,88,-19.06,-169.92,78.8,11.41
253,Kupang,40,ID,1544311800,83,-10.16,123.6,84.2,8.05
254,Adrar,0,DZ,1544313600,50,27.87,-0.29,55.4,16.11
255,Muret,75,FR,1544313600,54,43.46,1.33,55.4,11.41
256,Cap-aux-Meules,75,CA,1544313600,57,47.38,-61.86,19.4,13.87
257,Kubachi,20,RU,1544315606,77,42.09,47.6,17.45,1.95
258,Sitka,0,US,1544315397,66,37.17,-99.65,28.97,3.62
259,Irece,64,BR,1544315607,92,-11.3,-41.86,70.91,2.39
260,Concepcion del Oro,0,MX,1544315607,70,24.63,-101.42,53.41,4.97
261,Quisqueya,20,DO,1544313600,83,18.55,-69.41,82.4,6.93
262,Altay,0,CN,1544315608,36,47.83,88.13,-28.36,1.61
263,Kyzyl-Suu,48,KG,1544315608,100,42.34,78.0,26.99,2.62
264,Tilichiki,8,RU,1544315608,45,60.47,166.1,-28.68,3.4
265,Sabha,0,LY,1544315609,85,27.03,14.43,42.47,2.95
266,Mackay,20,CA,1544313600,53,53.65,-115.58,24.8,4.7
267,Dambulla,68,LK,1544315609,92,7.87,80.65,73.03,7.65
268,Susangerd,24,IR,1544313600,100,31.56,48.19,51.8,2.24
269,Magadan,0,RU,1544315610,100,59.56,150.8,9.89,19.28
270,Riwaka,0,NZ,1544315610,47,-41.08,173.0,74.6,4.63
271,Tezu,0,IN,1544315610,50,27.93,96.16,48.32,2.06
272,Nome,90,US,1544314500,87,30.04,-94.42,50.0,13.87
273,Ambovombe,0,MG,1544315611,94,-25.18,46.09,71.9,4.29
274,Vila Velha,40,BR,1544310000,78,-3.71,-38.6,82.4,10.29
275,Saint Anthony,90,US,1544313360,71,43.97,-111.68,26.96,4.7
276,Winnemucca,90,US,1544313360,85,40.97,-117.74,32.0,3.36
277,Khani,90,GE,1544313600,100,41.96,42.96,41.0,3.36
278,Donetsk,12,UA,1544315612,87,48.02,37.8,21.01,7.87
279,Peniche,20,PT,1544313600,100,39.36,-9.38,50.0,19.51
280,Zlobin,0,HR,1544313600,86,45.29,14.65,37.4,5.82
281,Erdaojiang,0,CN,1544315613,57,41.78,126.03,-12.75,3.85
282,Phan Thiet,20,VN,1544315613,98,10.93,108.1,78.65,10.78
283,Yangliuqing,56,CN,1544313600,41,39.14,117.0,21.2,4.47
284,Jinji,92,CN,1544315614,100,22.16,112.49,50.44,6.42
285,Broadstairs,40,GB,1544314800,76,51.36,1.44,50.0,21.92
286,Pevek,8,RU,1544315615,100,69.7,170.27,-6.58,9.89
287,Nelson Bay,0,AU,1544313600,51,-32.72,152.14,80.6,5.82
288,Ishigaki,75,JP,1544313600,100,24.34,124.16,68.0,27.51
289,Shingu,75,JP,1544313600,52,33.72,135.99,44.6,19.46
290,Makat,92,KZ,1544315616,87,47.65,53.35,20.78,3.18
291,Oga,12,NG,1544315616,67,8.18,5.65,71.27,2.73
292,Narsaq,36,GL,1544313000,68,60.91,-46.05,30.2,11.41
293,Saint-Francois,75,FR,1544313600,76,46.42,3.91,53.6,12.75
294,Iqaluit,5,CA,1544313600,75,63.75,-68.52,-13.01,6.93
295,Goya,12,AR,1544315617,52,-29.14,-59.27,72.04,9.78
296,Pangnirtung,12,CA,1544315617,70,66.15,-65.72,-15.85,1.95
297,Colon,40,US,1544314500,84,41.3,-96.61,26.06,6.93
298,Brokopondo,0,SR,1544313600,83,5.06,-54.98,75.2,4.7
299,Paragominas,80,BR,1544315618,92,-3.0,-47.35,76.04,5.19
300,Klaksvik,44,FO,1544313000,69,62.23,-6.59,37.4,2.24
301,Tomatlan,0,MX,1544315322,70,19.93,-105.25,79.69,2.62
302,Sikeston,90,US,1544314500,93,36.88,-89.59,32.0,16.11
303,Cumbitara,75,CO,1544310000,93,1.65,-77.58,62.6,3.36
304,Oxford,90,US,1544314500,94,33.61,-85.83,44.06,12.75
305,Airai,32,TL,1544315620,90,-8.93,125.41,77.26,1.16
306,San Buenaventura,80,MX,1544315620,100,27.06,-101.55,46.61,2.62
307,Comodoro Rivadavia,0,AR,1544313600,26,-45.87,-67.48,78.8,26.4
308,Hokitika,88,NZ,1544315620,99,-42.72,170.96,59.44,7.65
309,Batagay-Alyta,24,RU,1544315621,0,67.8,130.41,-34.21,1.61
310,Channel-Port aux Basques,48,CA,1544315621,100,47.57,-59.14,29.78,20.85
311,Barcelos,0,PT,1544313600,100,41.53,-8.62,48.2,2.24
312,Tokmak,20,UA,1544315622,90,47.26,35.7,28.07,11.34
313,Iquique,0,CL,1544313600,68,-20.22,-70.14,68.0,14.99
314,Kolobovo,68,RU,1544315622,91,56.71,41.34,17.86,6.98
315,Karakol,56,KG,1544315622,74,42.49,78.39,9.53,2.17
316,Isla Aguada,5,MX,1544312520,74,18.78,-91.49,82.4,11.41
317,Dunedin,64,NZ,1544315623,73,-45.87,170.5,70.28,3.29
318,Santa Maria,0,BR,1544315624,49,-29.69,-53.81,63.53,7.76
319,Mazamari,88,PE,1544315624,98,-11.33,-74.53,65.11,1.72
320,Vanino,92,RU,1544315624,90,53.93,40.55,20.38,6.76
321,Saint-Joseph,0,FR,1544313600,58,43.56,6.97,53.6,8.05
322,Negombo,36,LK,1544310600,88,7.21,79.83,75.2,8.05
323,Ugoofaaru,88,MV,1544315625,100,5.67,73.0,82.79,10.67
324,Bereda,90,ES,1544313600,87,43.27,-7.54,55.4,10.29
325,Burnie,88,AU,1544315626,97,-41.05,145.91,60.79,12.91
326,Belmonte,0,PT,1544315363,77,40.36,-7.35,34.96,4.52
327,Brookhaven,20,US,1544313360,53,40.78,-72.92,30.02,4.7
328,Tambacounda,0,SN,1544313600,31,13.77,-13.67,73.4,6.93
329,Rokiskis,88,LT,1544315627,94,55.97,25.58,35.63,13.58
330,Coquimbo,0,CL,1544313600,77,-29.95,-71.34,62.6,9.17
331,The Valley,20,AI,1544313600,74,18.22,-63.06,78.8,13.87
332,Dhadar,0,IN,1544315627,78,28.33,75.06,45.89,3.51
333,Kortkeros,90,RU,1544313600,100,61.81,51.56,14.0,4.47
334,Tevriz,20,RU,1544315628,74,57.51,72.4,0.8,5.97
335,Naze,24,NG,1544315628,89,5.43,7.07,73.84,5.19
336,Araouane,0,ML,1544315629,37,18.9,-3.53,53.36,5.19
337,Boyuibe,90,BO,1544310000,73,-20.43,-63.28,75.2,9.33
338,Ibicarai,92,BR,1544315629,99,-14.87,-39.59,69.79,7.99
339,Ingham,100,AU,1544315630,100,-18.65,146.16,74.24,25.66
340,Matane,90,CA,1544313600,65,48.83,-67.52,8.6,16.11
341,Dzhebariki-Khaya,24,RU,1544315630,52,62.22,135.8,-31.06,2.84
342,Hirara,75,JP,1544313600,94,24.8,125.28,68.0,19.46
343,Yangjiang,88,CN,1544315631,100,21.85,111.96,57.86,23.31
344,Kanye,8,BW,1544315631,53,-24.98,25.34,60.38,5.64
345,Severo-Kurilsk,48,RU,1544315631,100,50.68,156.12,30.73,3.85
346,Acapulco,5,MX,1544312700,78,16.86,-99.88,82.4,6.2
347,Iquitos,40,PE,1544313600,88,-3.75,-73.25,77.0,3.36
348,Ayan,32,TR,1544315632,71,40.67,33.6,14.84,1.72
349,Kahului,40,US,1544313360,62,20.89,-156.47,82.04,14.99
350,Bichena,48,ET,1544315632,75,10.45,38.2,56.78,1.16
351,Damietta,40,EG,1544310000,82,31.42,31.81,59.0,6.93
352,Issia,56,CI,1544315633,72,6.49,-6.58,76.31,5.97
353,Zhanakorgan,36,KZ,1544315633,85,43.91,67.25,34.01,8.43
354,Sunyani,12,GH,1544315633,71,7.34,-2.33,71.72,2.73
355,Hami,8,CN,1544315634,45,42.84,93.51,-8.07,1.28
356,Cusuna,48,HN,1544315634,70,15.85,-85.23,75.91,2.28
357,Camocim,24,BR,1544315635,88,-2.9,-40.84,76.18,5.64
358,Qabaqcol,75,AZ,1544310000,100,41.72,46.26,46.4,4.7
359,Saint-Louis,88,CH,1544314800,76,47.59,7.56,51.8,26.4
360,Grindavik,90,IS,1544313600,69,63.84,-22.43,35.6,13.58
361,Tocopilla,20,CL,1544315636,82,-22.09,-70.2,64.79,7.65
362,Takhtamygda,20,RU,1544315636,61,54.1,123.57,-13.78,5.97
363,Kasongo,92,CD,1544315636,99,-4.43,26.67,68.44,2.51
364,Karpathos,32,GR,1544314800,71,35.51,27.21,57.2,5.82
365,Rhyl,90,GB,1544314800,76,53.32,-3.49,50.0,20.8
366,Zainsk,90,RU,1544313600,86,55.29,52.01,26.6,5.75
367,Arlit,0,NE,1544315637,52,18.74,7.39,54.89,7.99
368,Cayenne,0,GF,1544313600,83,4.94,-52.33,77.0,3.36
369,Panzhihua,0,CN,1544315638,65,26.59,101.72,47.29,3.85
370,Haapiti,40,PF,1544313600,66,-17.57,-149.87,87.8,12.75
371,Ouahigouya,0,BF,1544315638,45,13.58,-2.42,60.11,4.18
372,Mitsamiouli,32,KM,1544315639,100,-11.38,43.28,80.99,10.0
373,Santa Quiteria,0,ES,1544315639,80,37.67,-1.69,33.56,2.39
374,Acajutla,0,SV,1544313000,61,13.59,-89.83,78.8,2.24
375,Ust-Nera,20,RU,1544315639,62,64.57,143.24,-36.15,2.06
376,Saint-Nazaire,90,FR,1544313600,87,47.27,-2.21,53.6,21.92
377,Rocha,0,UY,1544315640,52,-34.48,-54.34,64.79,6.98
378,Agadez,0,NE,1544315428,43,16.97,7.99,61.37,12.46
379,Bathsheba,20,BB,1544313600,69,13.22,-59.52,78.8,18.34
380,Bambanglipuro,92,ID,1544315641,100,-7.95,110.28,73.93,3.96
381,Buckeye,1,US,1544313480,56,33.37,-112.58,66.2,4.7
382,Kuytun,56,RU,1544315641,65,54.34,101.51,-15.18,3.85
383,Buala,64,SB,1544315642,83,-8.15,159.59,86.26,0.6
384,Rawson,100,AR,1544315642,24,-43.3,-65.11,82.25,20.07
385,Ak-Dovurak,0,RU,1544315642,45,51.17,90.6,-30.93,2.28
386,Vostok,32,RU,1544315642,63,46.45,135.83,-8.92,5.86
387,Chuy,0,UY,1544315643,57,-33.69,-53.46,65.33,14.58
388,Novyy Urengoy,80,RU,1544315643,86,66.08,76.63,16.82,11.23
389,Taoudenni,0,ML,1544315643,40,22.68,-3.98,57.28,11.45
390,Khatanga,36,RU,1544315643,52,71.98,102.47,-9.73,2.73
391,Oda,75,JP,1544313600,60,35.19,132.5,41.0,5.82
392,Seminole,40,US,1544313300,81,32.72,-102.64,37.94,3.18
393,Verkhnetulomskiy,75,RU,1544313600,92,68.61,31.8,24.8,3.4
394,Taltal,24,CL,1544315644,67,-25.41,-70.49,61.33,2.17
395,La Sarre,0,CA,1544315593,96,48.8,-79.2,2.06,6.98
396,Goundam,0,ML,1544315645,53,16.42,-3.66,59.75,5.08
397,Athens,90,US,1544314620,95,34.8,-86.97,42.98,3.36
398,Delhi,0,IN,1544313600,81,28.65,77.22,51.8,2.84
399,Sinnamary,56,GF,1544315646,92,5.38,-52.96,80.23,11.45
400,Inhambane,92,MZ,1544315646,91,-23.87,35.38,79.78,9.66
401,Nakasongola,12,UG,1544315646,96,1.32,32.46,64.25,4.74
402,Malya,76,TZ,1544315647,100,-2.98,33.52,62.27,1.16
403,Ilheus,92,BR,1544315647,100,-14.79,-39.05,74.51,15.59
404,Eyl,44,SO,1544315647,100,7.98,49.82,75.73,13.24
405,Zhongshu,64,CN,1544315647,99,24.52,103.77,43.33,3.06
406,Jurm,24,AF,1544315648,92,36.86,70.83,15.88,1.72
407,Avera,90,US,1544314500,93,33.19,-82.53,44.6,13.87
408,Lhokseumawe,48,ID,1544315649,100,5.18,97.15,80.63,5.75
409,Tiarei,40,PF,1544313600,66,-17.53,-149.33,87.8,12.75
410,Fairbanks,90,US,1544313480,94,64.84,-147.72,18.68,3.18
411,Nioro,0,GM,1544315649,52,13.79,-15.05,69.16,3.74
412,Lewisburg,1,US,1544313360,57,40.96,-76.88,30.02,6.93
413,Ochakiv,40,UA,1544313600,87,46.61,31.55,44.6,8.95
414,Solnechnyy,48,RU,1544315650,66,50.72,136.64,-14.68,2.39
415,Puerto Leguizamo,68,CO,1544315651,99,-0.19,-74.78,71.68,2.62
416,Santa Rosalia,0,IT,1544314800,67,38.07,13.27,59.0,14.99
417,San Cristobal,40,EC,1544313600,93,-0.39,-78.55,57.2,5.82
418,Saint-Georges,24,CA,1544315367,74,46.12,-70.67,-0.01,3.96
419,Meulaboh,8,ID,1544315652,100,4.14,96.13,78.16,3.18
420,Ballina,92,IE,1544315653,98,54.11,-9.15,46.61,18.05
421,Senador Jose Porfirio,36,BR,1544315653,100,-2.59,-51.95,74.29,1.28
422,Nuevo Progreso,40,US,1544315040,96,26.05,-97.95,57.2,6.93
423,Lakes Entrance,88,AU,1544315654,95,-37.88,147.99,66.28,1.95
424,Ereymentau,0,KZ,1544315654,69,51.62,73.1,1.48,10.89
425,Margate,75,AU,1544313600,63,-43.03,147.26,60.8,2.24
426,Glossa,40,GR,1544314800,72,35.47,23.78,59.0,5.64
427,Laguna,5,MX,1544312400,36,27.52,-110.01,77.0,9.17
428,Sao Joao da Barra,76,BR,1544315734,100,-21.64,-41.05,73.43,14.47
429,Uyuni,80,BO,1544315656,69,-20.46,-66.82,47.33,6.42
430,Macheng,44,CN,1544315656,74,31.18,115.03,25.01,3.62
431,Tyup,56,KG,1544315656,74,42.73,78.36,9.53,2.17
432,Nautla,48,MX,1544315657,100,20.22,-96.78,76.4,10.78
433,Tazovskiy,88,RU,1544315657,90,67.47,78.7,15.88,10.22
434,Usinsk,80,RU,1544315657,86,66.0,57.56,16.91,9.44
435,Ponta Delgada,20,PT,1544313600,63,37.73,-25.67,64.4,10.29
436,Manokwari,44,ID,1544315658,100,-0.87,134.08,80.23,3.74
437,Santa Cruz,1,US,1544314500,62,36.97,-122.03,64.4,12.75
438,Broken Hill,0,AU,1544313600,17,-31.97,141.45,93.2,10.29
439,Wyszkow,75,PL,1544313600,80,52.59,21.46,41.0,9.17
440,Saint-Augustin,90,FR,1544313600,87,44.83,-0.61,57.2,19.46
441,Sobrance,90,SK,1544315400,100,48.74,22.18,32.0,4.7
442,Husavik,0,CA,1544315661,72,50.56,-96.99,3.5,8.99
443,Hamilton,75,BM,1544313300,72,32.3,-64.78,64.4,9.17
444,Neuquen,20,AR,1544313600,25,-38.95,-68.06,73.4,13.87
445,Santa Cruz de la Palma,0,ES,1544313600,68,28.68,-17.76,66.2,10.29
446,Gualaquiza,80,EC,1544315662,94,-3.4,-78.58,64.03,1.61
447,Port Augusta,8,AU,1544313600,69,-32.49,137.76,73.4,12.75
448,Alice Springs,0,AU,1544313600,14,-23.7,133.88,96.8,12.75
449,Ruteng,0,ID,1544315418,94,-8.61,120.46,78.56,3.62
450,Kieta,32,PG,1544315664,92,-6.22,155.63,84.73,4.41
451,Snyder,40,US,1544313300,91,32.72,-100.92,34.16,5.82
452,Guanica,40,PR,1544313000,78,17.97,-66.91,73.4,15.59
453,Pathein,12,MM,1544315628,97,16.78,94.73,72.04,3.06
454,Ukmerge,88,LT,1544313000,86,55.25,24.75,37.4,9.17
455,Nemuro,20,JP,1544313600,85,43.32,145.57,12.2,8.05
456,Kamenka,76,RU,1544315665,91,53.19,44.05,19.88,5.08
457,Nacala,68,MZ,1544315666,86,-14.56,40.69,84.05,9.22
458,Jalu,0,LY,1544315666,80,29.03,21.55,44.63,2.95
459,Zhezkazgan,32,KZ,1544315666,74,47.8,67.71,5.21,10.78
460,Faya,0,SA,1544310000,76,18.39,42.45,55.4,2.62
461,Thai Binh,75,VN,1544313600,93,20.45,106.33,60.8,8.05
462,Hervey Bay,90,AU,1544313600,65,-25.3,152.85,78.8,17.22
463,Orhei,90,MD,1544315400,100,47.39,28.83,33.8,1.12
464,Mugur-Aksy,0,RU,1544315668,0,50.38,90.44,-36.6,2.06
465,Longyearbyen,75,NO,1544313000,68,78.22,15.63,26.6,11.41
466,Wagar,100,US,1544315668,97,31.44,-87.99,56.11,3.62
467,Arys,90,KZ,1544313600,100,42.43,68.8,42.8,2.73
468,Lac du Bonnet,0,CA,1544315669,72,50.25,-96.06,6.2,8.43
469,Posse,64,BR,1544315669,86,-14.08,-46.36,71.9,1.16
470,Whitianga,0,NZ,1544315669,88,-36.83,175.7,68.98,3.74
471,Mana,0,RS,1544315400,98,43.52,20.24,35.6,2.24
472,Yabelo,20,ET,1544315670,84,4.89,38.09,61.91,3.4
473,Kenai,90,US,1544313900,95,60.55,-151.26,32.0,12.75
474,Maxixe,92,MZ,1544315670,91,-23.86,35.35,79.78,9.66
475,Taboga,32,NG,1544315671,80,6.37,5.65,76.09,2.39
476,Okhotsk,12,RU,1544315671,100,59.36,143.24,7.51,7.09
477,Oriximina,88,BR,1544315378,90,-1.77,-55.87,78.38,2.06
478,Zverinogolovskoye,0,RU,1544315671,50,54.46,64.85,-8.92,2.95
479,Siderno,20,IT,1544313300,62,38.28,16.3,60.8,9.17
480,Dauphin,1,CA,1544313600,78,51.15,-100.04,14.0,10.29
481,Ovre Ardal,92,NO,1544315672,93,61.32,7.8,22.63,2.17
482,Trinidad,8,UY,1544315673,38,-33.52,-56.9,67.49,8.43
483,Marsabit,20,KE,1544315673,93,2.34,37.99,70.1,3.96
484,Palana,32,RU,1544315673,72,59.08,159.95,5.53,2.84
485,Salinopolis,76,BR,1544315673,98,-0.61,-47.36,80.99,10.45
486,Vanimo,48,PG,1544315674,100,-2.67,141.3,81.94,12.35
487,Shenkursk,76,RU,1544315674,75,62.11,42.91,21.19,7.54
488,Maldonado,0,UY,1544313600,88,-34.91,-54.96,64.4,6.93
489,Turukhansk,88,RU,1544315675,72,65.8,87.96,-2.17,19.51
490,Vila,0,IT,1544314800,80,45.18,8.4,46.4,8.05
491,Izazi,44,TZ,1544315675,89,-7.24,35.72,67.81,1.95
492,Saint-Gaudens,75,FR,1544313600,58,43.11,0.72,53.6,11.41
493,Dinghai,90,CN,1544313600,87,26.28,119.79,50.0,13.42
494,Golfito,48,CR,1544315676,96,8.64,-83.17,79.33,3.4
495,Port Hedland,12,AU,1544313600,27,-20.31,118.58,98.6,6.93
496,Karsava,80,LV,1544315677,95,56.78,27.69,36.08,11.9
497,Kendari,20,ID,1544315677,98,-3.99,122.52,80.0,3.4
498,Kolondieba,0,ML,1544315677,56,11.09,-6.89,62.14,3.06
499,Farafangana,92,MG,1544315678,97,-22.82,47.83,78.2,10.67
500,Gazojak,64,TM,1544315678,98,41.19,61.4,32.12,3.18
501,Gull Lake,1,CA,1544313600,72,50.1,-108.48,10.4,11.41
502,Witbank,36,ZA,1544315679,98,-25.87,29.23,58.31,7.43
503,Emirdag,56,TR,1544315679,83,39.02,31.15,23.57,2.62
504,Quatre Cocos,40,MU,1544313600,88,-20.21,57.76,77.0,10.29
505,Tucurui,64,BR,1544315679,94,-3.77,-49.67,75.19,1.83
506,Road Town,40,VG,1544313600,74,18.42,-64.62,78.98,8.05
507,Deputatskiy,64,RU,1544315680,55,69.3,139.9,-32.95,5.08
508,Peto,8,MX,1544315680,76,20.13,-88.92,79.55,5.41
509,Benjamin Constant,75,BR,1544313600,94,-4.38,-70.03,80.6,3.36
510,Nisia Floresta,20,BR,1544313600,78,-6.09,-35.21,82.4,6.93
511,Darnah,88,LY,1544315681,100,32.77,22.64,66.05,17.83
512,Piracuruca,68,BR,1544315681,97,-3.93,-41.72,72.08,2.06
513,Waddan,0,LY,1544315681,82,29.16,16.14,40.18,2.95
514,Isangel,0,VU,1544315682,100,-19.55,169.27,77.98,23.53
515,Perumpavur,40,IN,1544313600,94,10.13,76.48,73.4,6.64
516,Bara,0,NG,1544315682,39,10.41,10.6,68.39,8.66
517,San Francisco,40,US,1544313600,59,37.78,-122.42,62.6,3.36
518,Maceio,20,BR,1544310000,83,-9.67,-35.74,78.8,9.17
519,Filadelfia,0,PY,1544315684,43,-22.35,-60.04,81.71,6.87
520,Half Moon Bay,1,US,1544313600,55,37.46,-122.43,64.4,8.05
521,Charters Towers,92,AU,1544315685,98,-20.07,146.27,68.53,19.84
522,San Carlos del Zulia,8,VE,1544315685,64,9.0,-71.91,83.74,5.08
523,Houma,44,CN,1544315685,80,35.63,111.36,13.76,2.62
524,Alta Floresta,56,BR,1544315686,90,-9.87,-56.08,77.44,0.94
525,Fuerte Olimpo,0,BR,1544315686,72,-21.04,-57.87,77.26,3.96
526,Srednekolymsk,48,RU,1544315686,65,67.46,153.71,-34.75,2.95
527,Tamandare,80,BR,1544315687,91,-8.28,-70.75,75.77,3.51
528,Viet Tri,75,VN,1544313600,93,21.3,105.43,57.2,9.17
529,Shitanjing,0,CN,1544315687,64,39.23,106.34,-17.52,0.72
530,Xingyi,80,CN,1544315687,95,24.19,102.82,47.06,2.62
531,Urubicha,0,BO,1544315688,85,-15.63,-63.08,75.91,2.62
532,Christchurch,48,NZ,1544313600,60,-43.53,172.64,73.4,8.05
533,Binga,44,ZW,1544315688,88,-17.62,27.34,76.31,2.28
534,Bolobo,92,CD,1544315689,100,-2.17,16.23,69.88,4.97
535,Normandin,20,CA,1544313600,83,48.84,-72.53,-9.41,5.82
536,Cabedelo,100,BR,1544315689,96,-6.97,-34.84,80.81,7.99
537,Gamboma,92,CG,1544315689,100,-1.87,15.88,68.03,4.85
538,Tazmalt,40,DZ,1544313600,87,36.39,4.4,53.6,8.05
539,Verkhoyansk,44,RU,1544315690,82,67.55,133.39,-39.57,2.06
540,Bandarbeyla,92,SO,1544315691,100,9.49,50.81,78.29,13.8
541,Lohardaga,0,IN,1544313600,87,23.43,84.68,46.4,2.39
542,Banda Aceh,32,ID,1544315691,100,5.56,95.32,73.52,2.28
543,Paramonga,24,PE,1544315691,100,-10.68,-77.82,66.59,13.24
544,Bouca,32,CF,1544315692,61,6.51,18.28,67.18,3.18
545,San Isidro,76,PH,1544315693,100,16.74,121.63,71.59,3.06
546,Praia,0,BR,1544310000,64,-20.25,-43.81,69.8,8.05
547,Kungurtug,36,RU,1544315693,61,50.6,97.53,-25.48,2.51
548,Lata,0,IN,1544315694,64,30.78,78.62,32.53,2.84
549,Puerto Madero,0,AR,1544313600,68,-34.61,-58.36,73.4,6.93
550,Tawang,0,BT,1544315694,57,27.59,91.87,23.3,1.61
551,Jiuquan,0,CN,1544315695,26,39.73,98.49,-22.65,0.38
552,San Rafael del Sur,100,NI,1544315695,79,11.85,-86.44,77.57,11.9
553,Eureka,75,US,1544313300,60,40.8,-124.16,62.96,6.93
554,Boguchany,64,RU,1544315696,62,58.38,97.46,-21.43,2.62
555,Martapura,75,ID,1544311800,100,-3.41,114.85,75.2,6.93
556,Samaipata,20,BO,1544315696,79,-18.18,-63.88,68.08,3.18
557,Kaset Sombun,88,TH,1544315697,85,16.28,101.95,68.48,7.2
558,Jiaozuo,56,CN,1544315697,71,35.21,113.25,14.3,1.05
559,Grand-Santi,68,GF,1544315697,100,4.27,-54.38,71.86,2.62
560,Gambat,0,PK,1544315697,87,27.35,68.52,54.94,4.18
561,Monrovia,40,LR,1544313600,94,6.33,-10.8,77.0,6.98
562,Evensk,56,RU,1544315698,100,61.92,159.24,8.54,20.96
